63 0
56 -8
75 11
64 -20
143 -50
-6 58
61 9
55 20
96 13
89 46
131 27
216 112
924 666
-187 -195
-67 -94
-23 -57
-9 -67
16 -50
29 -55
33 -58
58 -76
69 -87
120 -102
184 -199
769 -540
-586 336
-177 164
-119 86
-87 65
-65 45
-62 39
-48 38
-47 27
-40 29
-40 22
-48 27
-73 13
51 4
15 -7
-6 6
2 11
-19 15
3 5
-4 6
9 10
-9 12
6 9
10 13
25 35
-192 -126
-38 1
-29 0
-6 -6
-10 -7
-10 2
-7 -8
-15 -4
6 0
-11 -12
-2 -5
-5 -43
265 -50
-7 -11
-22 12
-7 -6
-23 -9
5 0
-8 -5
-2 20
-27 -26
-10 7
-1 -24
-45 -17
-130 -234
15 104
20 25
11 15
11 8
12 13
22 2
11 -1
12 4
34 -5
18 -20
50 -13
121 -11
-142 85
-64 15
-42 24
-21 -21
-13 19
-14 15
-35 6
-40 4
11 -28
-52 20
18 -41
-70 -28
80 150
-21 59
26 -13
-10 40
-4 27
-5 -2
-1 19
16 3
-9 37
9 -15
-10 32
0 -6
-163 -54
-29 7
-17 19
4 -10
-6 12
-18 8
-6 2
-10 -2
12 17
-25 -4
-16 15
6 -13
120 128
-11 -38
5 -12
-3 17
-10 -8
0 11
-7 -8
0 15
-7 -9
-9 16
-12 6
-15 4
-30 -35
10 10
10 19
7 -1
-14 18
10 -7
-9 20
5 -4
-4 17
-1 1
-2 12
3 18
-14 19
22 -11
2 -2
-3 3
-2 7
-1 -1
-3 7
-1 1
-1 7
-4 7
-5 -2
7 2
2 -3
11 20
-4 4
0 5
-2 3
-3 7
-8 1
1 4
-3 5
-5 2
-1 2
-5 4
-6 2
15 -11
-2 0
1 -1
-6 4
7 5
-7 4
0 4
-3 -1
-6 8
1 1
-7 8
1 1
-13 -7
-1 8
2 -5
2 7
1 1
-3 3
2 6
-6 3
4 4
-3 -1
0 4
4 -1
-5 13
6 -8
-7 1
3 1
-7 4
3 0
-6 6
4 -9
1 16
-8 -5
0 8
-2 -2
-7 6
6 3
-3 6
4 6
-8 0
3 3
-4 -1
1 3
1 2
-1 10
-5 -4
4 7
-7 -5
14 5
-1 -9
0 7
3 -2
-12 5
9 -5
-6 1
5 9
-3 -11
8 12
0 -4
-6 9
4 -6
-11 6
9 3
-7 2
0 8
-2 -5
-4 12
0 -5
-7 7
5 -3
-3 1
12 5
0 18
13 2
-13 -11
7 18
-10 -4
4 11
-2 -3
-6 12
5 -1
0 1
4 8
-15 10
-27 -7
27 6
14 7
-5 -4
-3 -11
-7 6
8 2
-8 -1
6 -4
-2 0
0 -11
7 6
5 -9
-7 9
-11 2
4 17
-9 -2
5 6
-6 -3
1 6
1 -5
-5 8
-4 -3
-4 6
1 2
2 2
4 -2
-7 -4
1 0
-8 -7
5 2
5 -2
-7 7
2 -4
-8 -7
12 9
-11 -11
-5 9
-11 -22
7 21
1 -12
-5 10
7 -3
-11 0
9 6
-13 -11
15 7
-7 -6
10 12
-6 -4
8 9
1 -5
-12 9
14 -10
-14 18
3 -4
-5 -8
4 15
-5 -19
1 20
-1 -19
-3 15
1 -8
-1 10
4 5
-12 -4
7 6
-8 -18
12 23
-2 -14
-16 23
23 -30
-18 23
38 -14
-13 1
5 12
-10 -34
-3 30
11 -34
-5 36
18 -10
-18 8
11 7
-18 -18
10 18
-3 -22
-19 47
12 -18
-1 22
8 -10
-29 4
28 -7
-42 -1
34 15
-29 -19
31 28
-7 -25
-5 42
-9 -33
-28 24
32 -5
-27 6
30 17
-25 -11
16 16
-13 -7
-5 2
14 2
-15 -8
18 9
3 -4
3 10
5 -15
-22 25
8 -21
-4 18
-1 -4
-6 1
12 4
-5 1
8 12
-17 -8
11 10
2 -13
-3 29
10 -14
-26 23
23 -7
-32 5
24 7
-19 -5
-4 17
-4 -19
-6 9
8 -7
0 11
-13 6
1 -1
-5 -4
2 17
-8 -8
-12 7
9 3
-25 -12
18 20
-24 -31
12 27
-8 -29
1 22
3 -16
-7 13
8 -10
-10 13
5 -11
-9 0
23 11
-27 -13
28 31
-27 -27
2 38
-2 -39
-14 19
25 -8
-24 1
3 17
7 -44
-1 55
-6 -32
-6 11
10 9
-22 -13
14 19
-18 -15
6 11
-4 -9
-4 11
3 -7
-16 3
18 4
-30 -15
33 30
-32 -34
19 49
-13 -33
-31 31
27 -15
-55 -18
50 12
-21 -34
12 46
11 -28
-52 20
53 -28
-33 13
14 13
-16 -27
0 12
12 -14
-15 9
13 -3
-15 0
23 -9
-17 28
-1 -29
2 14
12 12
-38 -19
33 23
-27 -24
-3 34
21 -47
-33 43
23 -28
-30 -7
21 16
-7 -40
4 39
11 -23
-30 4
34 2
-30 -18
11 7
6 -11
-32 21
25 -16
-27 -2
35 14
-25 -29
22 25
-8 8
-9 -4
19 11
-26 4
41 11
8 -6
-3 -24
3 22
0 -21
-27 4
3 3
-4 3
-15 1
3 -21
-11 -11
37 3
-32 -1
30 37
4 -13
-8 0
30 -11
-4 -5
0 6
29 -29
-17 32
37 -34
-32 16
18 -7
-6 -18
-12 6
-15 -13
-21 25
24 -15
-15 16
11 6
-11 13
-1 -1
-9 4
8 15
-1 -1
5 23
3 -17
6 25
14 -28
-19 15
23 -21
-6 5
-8 13
19 -20
-21 14
29 -14
-44 -4
24 0
-27 -20
-23 22
3 -6
-8 7
0 15
-14 -12
7 19
-18 -8
-16 2
14 1
-7 36
7 -18
1 17
21 -18
-16 6
10 -24
-18 -10
8 36
5 -28
-1 53
29 -54
-71 53
40 -62
-49 21
16 -5
-11 -3
7 50
11 -37
-25 22
21 -17
-18 -4
10 18
2 -9
11 13
4 0
-3 4
7 -14
-10 5
3 -6
-4 2
1 7
-18 -3
4 -5
5 -12
7 27
7 -26
-10 18
21 -18
-21 33
28 -5
-20 -2
15 5
-4 -12
-10 23
15 -3
-23 8
14 4
-6 -4
0 20
3 -18
-2 2
3 -3
-1 6
-5 -2
1 0
1 -2
-4 -11
4 6
-2 3
7 -2
6 -8
4 9
-1 0
1 2
5 -4
-2 -1
1 9
-7 -5
-2 8
-1 -1
3 -4
-2 7
-1 -7
-3 1
4 0
-5 -4
8 9
-7 -8
-1 7
1 -9
3 3
3 3
-8 0
15 5
-6 2
6 3
-5 -2
-1 1
-2 -7
-2 2
3 0
-8 -2
12 -1
-11 5
6 0
-5 -1
-1 1
7 -1
-13 6
11 -6
-9 7
4 -2
-3 -2
1 5
-2 -5
-1 5
1 -4
-3 5
0 -2
-1 2
2 0
-1 0
1 1
-2 0
-1 1
-2 1
-1 1
-1 1
-1 -1
-1 1
-1 -2
-2 2
2 1
-3 1
2 1
-2 1
2 1
-3 1
1 -1
1 0
0 0
0 1
0 0
-2 0
0 0
-2 0
0 0
-1 -1
1 2
0 -1
-1 2
0 -1
-2 0
2 0
-2 -1
1 -1
-1 0
-1 0
1 0
-2 -1
1 0
-2 0
0 1
-2 -1
1 0
1 0
-1 2
0 -1
0 3
0 -1
0 1
-1 0
-1 0
0 1
0 -1
-1 1
0 -1
0 2
0 0
0 0
0 0
-1 0
0 1
0 0
0 1
0 -1
0 1
1 0
-1 2
0 0
0 1
0 0
0 0
-1 0
0 -1
0 1
0 0
-1 2
0 -1
-1 1
1 1
-1 0
0 1
0 -2
0 3
0 -2
-1 1
0 -1
-2 2
1 0
0 1
0 1
-3 0
0 1
-2 0
1 1
0 0
0 1
0 0
-2 1
0 -1
0 0
0 0
0 0
-1 0
1 1
-3 -1
2 1
-2 -1
0 1
0 0
0 0
0 1
-2 1
-1 2
-1 -1
2 0
0 -1
0 1
0 0
0 1
1 0
-3 1
1 -1
-2 1
1 0
-2 -1
-1 2
-3 -3
-1 2
0 -1
0 1
0 0
0 0
1 1
-1 0
0 0
0 1
0 1
0 1
-1 0
0 0
0 1
0 0
-3 1
0 0
-1 0
0 2
-1 0
0 1
0 1
-1 1
0 0
-1 1
2 -1
-1 1
0 0
-1 1
0 -1
-1 1
1 0
0 0
-1 2
0 -1
0 1
0 0
0 0
1 1
0 1
0 1
0 1
-3 0
0 -1
0 1
0 0
1 1
-1 1
0 0
0 2
0 0
1 1
-1 0
1 1
1 0
-2 3
1 0
-3 -1
1 0
-2 -1
0 1
0 0
0 0
0 0
0 0
-2 -1
0 0
-2 0
1 1
0 0
-1 2
-1 0
0 0
1 0
0 0
-2 4
-1 -1
0 1
-1 1
0 0
1 1
-1 0
0 1
0 1
-1 0
1 0
-2 1
1 -2
-3 3
0 -2
-2 1
0 0
-3 -1
3 1
-1 -1
0 2
0 -1
0 2
0 -2
-3 2
2 0
-2 2
1 -1
0 1
0 2
-1 -1
1 2
0 -1
-1 2
-1 0
-1 0
0 0
-1 0
0 1
0 -1
0 0
-1 1
0 0
-1 0
0 0
-1 0
1 0
0 2
0 0
0 0
-1 0
0 0
-1 1
0 0
0 0
0 1
0 0
-1 0
0 -1
0 0
0 0
0 0
0 0
0 0
0 0
0 0
0 -1
0 1
0 0
-1 1
1 0
0 0
0 0
0 0
0 1
0 0
-1 0
1 0
-1 0
1 1
0 0
0 0
0 0
0 0
0 0
0 0
-1 0
0 0
-1 0
0 1
-1 0
0 1
-1 0
0 0
0 0
0 0
0 0
0 -1
0 1
0 1
0 0
0 1
0 0
-1 1
0 1
0 1
0 0
-1 0
0 0
-1 1
0 0
0 1
0 0
0 0
0 1
-1 1
0 1
-1 0
0 0
0 0
0 0
0 0
0 0
-1 0
0 0
0 0
0 0
-1 0
0 0
0 0
0 0
0 0
0 0
0 0
-1 0
0 0
-1 0
0 1
0 0
-1 0
0 0
-1 0
0 0
0 0
0 1
0 1
0 0
0 0
0 0
0 0
0 0
0 0
-1 1
0 1
-1 1
0 0
0 0
0 0
0 0
0 0
0 0
0 0
0 0
0 0
0 0
0 1
0 0
0 0
-1 0
0 0
0 0
0 0
0 0
0 0
-1 0
-1 0
0 0
0 0
0 0
0 0
0 0
0 1
0 0
-1 1
0 0
0 0
0 0
0 0
-1 0
0 1
0 0
0 0
0 0
-1 0
0 0
-1 0
0 1
-1 0
0 0
0 0
0 0
0 0
0 0
0 0
0 0
0 0
0 0
0 1
-1 0
0 0
0 0
0 0
0 0
0 0
0 0
0 0
0 1
0 0
0 -1
0 1
0 0
0 0
-1 1
0 0
0 0
0 1
0 0
0 0
0 0
-1 1
0 0
0 0
0 0
-1 0
0 0
0 0
0 0
0 1
0 0
0 0
0 0
0 0
0 0
-1 0
0 1
-1 0
-1 0
0 0
-1 0
0 0
0 0
0 0
-1 0
0 0
0 0
-1 0
0 0
0 0
-1 0
0 1
0 0
0 0
0 0
-1 1
0 0
0 0
0 0
0 0
0 0
0 0
0 0
0 0
0 0
0 0
0 0
0 0
-1 0
0 0
-1 0
0 0
-1 0
0 0
0 0
0 0
0 1
0 0
0 0
-1 0
0 0
0 0
0 0
0 1
0 0
-1 0
0 0
0 1
-1 0
0 0
-1 0
-1 0
0 1
0 1
0 0
0 0
-1 0
-1 0
-1 -1
0 0
-1 0
0 0
0 1
-1 1
0 0
0 -1
0 0
0 0
0 0
0 1
0 0
0 0
0 0
-1 0
0 -1
0 0
0 0
0 0
0 0
-1 0
0 0
-1 0
0 0
0 0
-1 0
0 0
0 -1
0 0
0 0
0 0
0 0
0 0
0 0
0 0
-1 0
0 0
0 1
0 0
0 0
0 0
0 0
-1 0
0 0
-1 0
0 0
0 0
0 0
-1 0
0 0
0 0
0 0
0 0
-1 0
0 0
0 1
0 0
-1 0
0 0
-1 0
-1 0
-1 0
-1 0
0 0
0 0
0 0
-1 0
0 0
0 0
0 0
-1 0
0 0
0 0
0 1
0 0
0 0
0 0
-1 1
0 0
-1 0
0 0
0 0
-1 0
0 0
0 0
-1 0
0 0
0 0
0 0
0 1
-1 0
0 1
0 0
-1 0
0 0
0 0
0 0
-1 1
0 0
-1 -1
0 0
0 0
0 0
0 0
0 0
-1 -1
0 0
0 0
0 -1
-1 0
0 0
0 1
-1 0
0 -1
0 0
0 0
0 0
0 1
-1 0
0 0
0 0
0 0
-1 1
0 0
-1 0
0 0
0 0
0 0
-1 0
-1 0
0 0
0 0
0 0
-1 0
0 0
-1 0
-1 0
0 -1
-1 0
0 0
0 0
-1 0
0 -1
-1 1
-1 1
-1 0
0 0
0 0
0 0
0 0
-1 0
0 0
0 1
0 0
-1 0
0 0
-1 0
0 0
-1 0
0 0
0 -1
0 -1
0 0
0 0
0 0
0 0
0 1
0 0
-1 0
-1 0
0 0
0 0
0 0
-1 -1
0 0
-2 0
-1 0
-1 0
0 -1
-1 0
-1 -1
0 0
-1 -2
0 1
-1 0
0 -1
-1 0
0 -1
0 -1
0 -1
0 0
0 0
0 1
-1 -1
-1 0
-1 0
-1 0
0 0
0 0
-1 0
0 0
-1 0
0 0
-2 -1
-1 -1
-1 1
0 0
-1 0
0 0
-1 1
-1 0
-1 0
-1 0
-1 0
-1 0
0 1
-2 0
-1 0
-1 1
0 -1
0 1
0 -1
0 1
0 0
-1 0
0 0
-1 0
-2 -1
0 1
0 0
0 0
0 0
-1 1
-1 -1
-1 0
0 2
0 -2
-1 1
-1 -3
0 1
-2 -1
0 1
-2 0
0 -2
-1 0
1 0
-1 0
1 -1
-1 1
-1 0
0 1
0 -1
-1 1
-1 -1
-1 0
-1 -1
0 1
-1 -1
0 -1
-1 0
0 0
-2 0
0 -1
-1 0
0 -2
0 1
0 -1
0 0
0 0
0 1
-1 0
0 1
-1 0
1 -1
-1 1
-1 0
0 0
-1 0
0 0
0 -1
1 0
-1 0
-1 0
-1 0
-1 -1
0 1
-1 -1
0 0
-1 -1
-1 0
0 -1
-1 1
-1 -1
0 0
-1 0
0 1
-1 -1
1 0
-1 0
0 0
-1 1
-1 -1
0 0
-2 1
0 -1
-2 -1
0 0
-1 -1
1 -1
-1 0
0 -1
-1 1
1 -2
-1 0
-2 0
-1 0
-1 0
-1 1
-2 -1
0 -1
0 -1
-1 0
-1 -1
-2 0
1 1
0 0
-1 0
-1 0
-1 1
-1 0
-1 -1
0 0
-1 0
1 -1
-2 -1
0 0
-1 0
0 0
-1 -1
0 0
0 0
0 0
0 0
-1 0
0 -1
-1 0
0 1
-1 -1
-1 1
-2 1
-1 0
-1 0
-1 0
-2 0
0 1
0 -1
0 0
0 0
0 0
0 0
0 -1
-1 -1
-1 0
0 0
-1 1
0 -1
0 0
0 -1
0 0
-1 0
0 -1
-1 0
0 1
-1 0
0 1
-1 -1
0 0
-1 -1
-1 -1
0 1
-1 -2
-1 0
-1 -1
0 0
0 0
1 -1
-1 -1
0 0
-1 0
0 0
0 1
0 -1
-1 1
0 0
-1 1
0 -1
-1 0
0 0
-1 0
-1 1
0 -1
-2 1
0 -1
-1 0
0 0
-1 0
0 0
-1 0
-1 -1
1 0
0 0
-2 1
-1 -1
-1 0
-2 0
-2 0
-1 1
0 0
-1 0
-1 -1
0 -1
-1 0
-1 -1
1 0
-1 0
-1 0
-1 -1
0 0
-1 -1
-2 0
0 -1
0 0
0 -1
-1 0
0 0
-2 0
-1 0
0 0
-1 1
0 -1
-1 0
1 0
-1 -1
0 2
0 -1
0 1
-1 -1
-1 0
0 0
0 -2
0 1
-1 -1
0 0
-1 0
-1 0
-1 0
0 -1
0 1
-1 -1
0 1
-2 -1
0 0
0 0
0 0
-1 0
-1 1
0 -1
-1 1
0 -1
0 0
0 0
-1 0
0 0
-1 0
-1 0
0 0
-1 0
-2 0
0 -1
-1 0
0 0
-1 0
-2 0
0 -1
0 0
-1 0
-1 1
0 0
-1 1
-1 -1
0 0
-1 -1
0 0
0 0
0 0
-1 -1
0 1
-1 -2
0 1
1 0
-1 0
-1 0
0 0
-1 0
-1 -1
0 0
-1 0
-2 0
0 0
-1 0
0 1
-1 0
-1 0
0 0
-1 0
-1 0
-1 1
0 -1
-1 0
1 0
-2 -1
0 0
-1 0
0 1
-1 0
-1 -1
0 0
-2 0
0 0
0 0
0 0
0 -1
-2 0
-1 0
0 0
0 0
-1 0
-1 1
-1 -1
0 1
-1 0
0 -1
0 0
-2 0
0 0
-1 -1
-1 0
-1 -1
0 0
-1 0
-1 -1
0 0
-1 1
0 0
-1 0
0 -1
-1 0
-1 0
-1 0
0 0
0 0
0 -1
-1 0
-1 1
0 1
-1 0
-1 -1
-1 0
0 0
0 1
-1 0
-1 -1
0 0
0 0
0 0
0 0
0 0
-1 0
0 0
0 1
-1 -1
-1 -1
0 -1
-1 -1
0 0
-2 0
0 0
-1 0
-1 -1
-1 0
-1 0
0 1
-1 0
0 1
0 -1
0 -1
-1 0
-1 -1
-1 0
0 0
0 0
-1 -1
-2 0
-1 0
-1 -1
0 0
-2 0
0 0
-1 -1
0 1
-1 0
0 1
-1 -1
-1 0
-1 -1
-1 0
0 0
-1 1
-1 0
-1 0
0 1
-1 0
-1 0
-1 -2
0 0
-1 0
0 -1
-2 1
0 0
-2 0
0 -1
-1 -1
1 0
-1 0
0 -1
0 1
-1 1
-1 0
-2 0
-1 -1
-1 0
0 0
0 -1
0 1
0 -1
-1 1
0 -2
0 0
-1 -1
0 0
0 -1
-1 0
0 -1
-1 0
0 1
-1 -1
-1 0
-1 0
-1 1
-1 -1
0 0
-1 1
-1 -1
0 1
0 -1
0 1
-1 0
-1 0
0 0
-1 1
-1 0
-1 -1
-1 0
0 -1
1 -1
-1 0
-1 1
-1 -1
0 0
-1 0
0 0
0 0
-2 0
0 0
-1 -1
0 1
-1 0
0 0
0 0
-1 1
-1 -1
-1 0
0 1
0 1
-1 -1
-1 0
-1 -1
-1 -1
-1 0
-1 0
0 0
-1 1
-1 0
0 0
0 0
-1 0
0 0
-1 -1
0 0
0 0
0 0
0 0
-1 0
-1 0
0 0
-1 0
-2 0
-2 0
0 0
0 -1
0 0
0 0
-1 -1
0 0
-2 -1
-2 0
0 0
-1 1
-1 -1
-1 0
1 0
-1 1
0 -1
-1 0
-1 0
-1 0
0 0
-1 0
0 0
-1 0
0 -1
-1 -1
-1 -1
-1 0
0 0
-2 1
0 0
-1 0
-1 -1
0 0
-2 0
0 0
-1 0
0 0
0 1
-1 0
-1 1
0 0
-1 0
-2 0
0 0
-1 1
0 -1
-1 -1
0 -1
-1 1
-1 0
-1 0
0 -1
0 0
0 -1
0 -1
-1 -1
-1 -1
0 0
-1 0
0 -1
0 1
0 0
-1 0
-1 0
-1 0
0 -1
-1 0
0 0
-1 0
0 0
0 -1
-1 0
0 0
-1 0
-1 0
0 0
-1 0
-1 -1
-1 -1
0 0
-1 0
0 1
0 0
-1 0
0 -1
-1 -1
0 0
0 0
-1 0
-1 0
0 0
-1 -1
0 0
-1 1
-1 -1
-1 0
0 -1
-1 0
0 0
-1 0
0 1
0 -1
0 0
-1 -1
0 0
0 0
0 -1
-1 1
0 0
0 0
-1 -1
0 -1
-1 0
0 0
-1 0
0 0
-1 1
0 0
-1 -1
-1 -1
-1 -1
-1 0
-1 -1
0 0
-1 -1
-1 0
-1 0
-1 1
-1 0
0 0
0 -1
-1 -1
-1 0
0 0
-1 0
-1 -1
0 -1
0 0
0 0
0 0
-1 0
-1 0
-1 -1
0 -1
0 0
-1 0
0 0
-1 0
0 -1
-2 0
0 0
0 0
-1 -1
-1 -1
-1 0
-1 0
0 0
-1 -1
-1 0
0 0
0 0
0 0
-1 0
